# Wavel Pixel Sigma
9226.8 16.37 1 # 
9660.4 223.60017 1 # 
9787.1 284.56002 1 # 
10472.9 617.66 1 # 
10676.5 717.59028 1 # 
10883.9 819.87 1 # 
11081.9 917.59 1 # 
11109.5 
11396.8 1073.79 1 # 
11445.0 1097.66 1 # 
11470.7 1110.63 1 # 
11491.2 1117.2669 1 # 
11583.5 1166.66 1 # 
11671.9 1210.63 1 # 
11690.8 
11722.7 1236.02 1 # 
11736.4 1242.67 1 # 
11887.7 
11899.9 
11946.6 1347.64 1 # 
11947.1 
12029.9 
12115.6 1432.1301 1 # 
12143.0 1445.72 1 # 
12154.7 
12346.8 1547.6 1 # 
12359.7 
12406.2 1577.3700 1 # 
12442.7 1595.57 1 # 
12459.5 1603.99 1 # 
12491.1 
12625.1 
12705.7 1727.26 1 # 
12736.9 
12806.3 1777.59 1 # 
12960.3 1854.63 1 # 
13011.7 1880.37 1 # 
