# Wavel Pixel Sigma
11491.2 214.57 1 #
11671.9 287.58 1 #
12115.6 467.94009672745814 1 #
12143.0 479.15 1 #
12154.7
12346.8 562.46 1 #
12359.7 567.71 1 #
12406.2 586.75 1 #
12442.7 601.72 1 #
12459.5 608.63 1 #
12491.1 621.60 1 #
12557.7
12625.1
12705.7 709.8400026193236 1 #
12736.9 722.66 1 #
12749.7 728.12 1 #
12806.2 751.37 1 #
12936.7 805.24 1 #
12960.2
13011.8 836.2900197342094 1 #
13032.0
13217.6 921.42 1 #
13231.7
13234.5
13276.3 945.66 1 #
13305.9
13316.8 962.5300971427583 1 #
13333.8
13370.8
13410.2 1001.38 1 #
13503.1
13507.9
13547.9 1058.47 1 #
13577.3 1070.60 1 #
13603.0 1081.40 1 #
13626.4 1091.15 1 #
13682.3 1114.4000678412365 1 #
13722.3
13829.5 1175.71 1 #
13832.1
13911.3
13914.4
14097.5 1287.38001205881 1 #
14253.1
14260.8
14599.7
14600.5
14638.4
14654.3
14697.4
14743.2
15050.6 1685.4000228448035 1 #
