6931.3787 42
7025.987 99.25065960345474 1 # 
7034.352 105
7061.0543 122.29223905579016 1 #
7175.9154 193.21526128692702 1 #
7247.1631 237
7440.9469 359
7474.4962 379.56358234623116 1 # 
7490.9335 390
7537.8488 420
7546.1211 425
7945.3654 679
8084.6801 767
8120.7818 791.5682976490999 1 # 
8138.6432 803
8261.6498 882.5724023811616 1 # 887.2285741159805 1 # 
8268.3491 887
8302.6062 909
8368.0455 946.4716153565336 1 #
8378.661 959.5427822596295 1 #
8379.9093 960
8419.4727 986.1060679856486 1 # 
8420.7398 986
8465.6824 1015
8497.6932 1036
8573.7082 1085.897056769096 1 # 
8593.6184 1099
8637.019 1127
8649.4164 1126.4102038434785 1 # 
8656.7599 1140
8657.8995 1140.362490709449 1 # 
8681.8775 1157.8960990772475 1 #
8684.3062 1158
8706.5028 1172.8586946492205 1 # 
8774.0664 1218.8377276179938 1 #
8783.0336 1223.4120863576593 1 #
8786.166 1223
8856.298 1271
8868.1905 1279
8921.9496 1314.4996930619104 1 # 
9151.1829 1466
9204.2841 1501
9222.59 1513
9303.4053 1566
9316.5288 1575.015615047882 1 # 
9329.0663 1583
9427.9655 1648.993616391299 1 # 
9461.806 1671.3153718732233 1 #
9489.2849 1689.3687729047508 1 #
9536.7793 1720.9719730122947 1 #
9550.0241 1729.9995565346646 1 #
9668.0709 1808.5307226321224 1 #
