# Wavel Pixel Sigma
7245.3 2001.14 1 #
7173.8 1936.32 1 #
7032.4 1808.40 1 #
6929.5 1715.7500011245082 1 #
6717.2 1525.81 1 #
6598.9 1420.650054052395 1 #
6532.9 1362.210080404072 1 #
6506.5 1338.800085206731 1 #
6402.2 1246.97005817357 1 #
6383.0 1230.09 1 #
6334.4 1187.5000348815487 1 #
6304.7 1161.57 1 #
6266.5 1128.1900948426554 1 #
6217.3 1085.3400523272652 1 #
6163.6 1038.6700257297198 1 #
6096.2
6074.3 961.5905712930035 1 #
6030.0
5975.5
5944.8 850.57 1 #
5881.9 
5852.5 772.13 1 #
5764.4
