8138.6432 152.698644470657 1 #
8302.6062 243
8379.9093 286
8420.7398 309
8497.6932 351.52544101519527 1 # 351.52544101519527
8593.6184 405
8637.019 429
8656.7599 440
8681.8775 455.3986017792082 1 # 
8684.3062 455.3983247047474 1 # 455
8774.0664 506
8783.0336 511
# 8786.166 511.56345721252944 1 # 
8856.298 552
8868.1905 559
8922.172 589.5283547809898 1 # 590
9151.1829 719.4970449891706 1 # 719
9204.2841 750
9222.778 760
9303.649 806.2630324879012 1 # 806
9328.224 820.8829385762706 1 # 821
9428.096 877.4316958809928 1 # 877
9536.410 939.7061959231975 1 # 940
9550.363 947.4197570416734 1 # 947
9668.0709 1015
10564.754 1535
10801.194 1673
10847.4479 1699
11146.0715 1872.7479649432996 1 #
11180.5855 1892.9329557272617 1 #
11393.5519 2017.12196111831 1 #
11412.2575 2026.2430568365735 1 #
