9204.2841 8.512232747668225 1 # 
9222.59 20.46434301102406 1 #
9303.4053 55.91598443737698 1 #
9329.0663 68.28911242385382 1 # 68.28910832980452 1 #
9427.9655 115
9489.2849 144.61301114469572 1 # 
9536.7793 167
9549.342 174
9668.0709 230
10297.99 535.4240094241829
10565.3029 666
10623.06 694.550295251264
10801.0009 782
10847.4479 805
11146.0715 952
11180.5855 969
11393.5519 1075
11412.2575 1084
11525.8996 1141
11528.1755 1141.0595672811485 1 # 
11539.5028 1148
11617.2599 1186
11690.895 1223
11770.0137 1263
11792.2712 1274
11988.1939 1371
12069.6364 1412
12462.785 1609
12692.6745 1724
12915.5459 1835
