15234.8765 465.5632073258266 1 # 466
17166.6222 1107
18040.7373 1399
18088.119 1415
# 18226.0624 1461
# 18231.9929 1463
# 18281.6322 1480
# 18287.6064 1482
18308.9656 1489
18364.1077 1507
# 18389.8458 1516.8970291452747 1 # 
# 18394.9582 1517
18407.8607 1521.8884514050783 1 #
18427.432 1528.477754914675 1 #
18463.6807 1540.594086130977 1 #
18480.8447 1546.4458229214324 1 #
# 18596.617 1585
# 18602.776 1587
# 18623.992 1594
# 18630.245 1596
15195.0832 452.5180625081851 1
15144.2356 435.77846361348134 1
14990.4149 385.42424731238367 1
15352.3836 504.44688119355493 1
15411.8032 523.650011387423 1
15455.4506 538.5799113678794 1
19582.455 1915.2870509260179 1
16027.1469 727.3720568669941 1
#16049.882 854.3103555755918 1
16613.9757 921.9536475998523 1
16273.4004 807.975439130081 1
16409.7373 854.3109793372691 1
