# Wavel Pixel Sigma
11491.2 179.57 1 # 
11671.9 252.58 1 # 
12115.6 432.94010 1 # 
12143.0 444.15 1 # 
12154.7 
12346.8 527.46 1 # 
12359.7 532.71 1 # 
12406.2 551.75 1 # 
12442.7 566.72 1 # 
12459.5 573.63 1 # 
12491.1 586.6 1 # 
12557.7 
12625.1 
12705.7 674.84000 1 # 
12736.9 687.66 1 # 
12749.7 693.12 1 # 
12806.2 716.37 1 # 
12936.7 770.24 1 # 
12960.2 
13011.8 801.29002 1 # 
13032.0 
13217.6 886.42 1 # 
13231.7 
13234.5 
13276.3 910.66 1 # 
13305.9 
13316.8 927.53010 1 # 
13333.8 
13370.8 
13410.2 966.38 1 # 
13503.1 
13507.9 
13547.9 1023.47 1 # 
13577.3 1035.6 1 # 
13603.0 1046.4 1 # 
13626.4 1056.15 1 # 
13682.3 1079.4001 1 # 
13722.3 
13829.5 1140.71 1 # 
13832.1 
13911.3 
13914.4 
14097.5 1252.3800 1 # 
14253.1 
14260.8 
14599.7 
14600.5 
14638.4 
14654.3 
14697.4 
14743.2 
15050.6 1650.4000 1 # 
