6116.61581 57.07633516511403 1 #
6173.98549 88.76162332727525 1 #
6967.352 610.7048451386948 1
7069.167 683
7149.012 740
7274.94 830.3543167280629 1 # 830.3543167280629
7386.014 910.4265180589093
7505.935 997
7516.721 1005
7637.208 1092.7169885144867
7725.887 1158
7726.333 1157.733679933317 1 #
7950.362 1322
8008.359 1364.787821901448
8016.99 1371.3638554123804 1 # 
8105.921 1436.7520256353446 1 # 
8105.9214 1436.7520256353446 1 #
8117.542 1445.4928440626688 1 # 1445.4928440626688
8266.794 1556
8410.521 1663
8426.963 1675
8523.783 1746.6177219613865 1 # 
8670.325 1855.6439894886478 1 #
